*******************************************
Nolan Mullins			0939720
CIS 2520				Assignment 3
2016-11-06
*******************************************

*******************************************
Compile
*******************************************
make
or
make q1
make q2

*clean
make clean

*******************************************
Usage - q1
*******************************************
./q1 "EQN HERE"

cant have spaces in the equations
Each expression is inside ()
# 0f ( needs to match the # of )

Some sample output
./q1 '(x1/(1.0+1.0))'
                /
      x1              +
                  1.0     1.0

./q1 '(x1/(1.0+(1.0+(1.0+1.0))))'

                                                                /
                              x1                                                              +
                                                                              1.0                              +
                                                                                                      1.0              +
                                                                                                                  1.0     1.0
2
/ x1 + 1.0 + 1.0 + 1.0 1.0
3
 (x1 /  (1.0 +  (1.0 +  (1.0 + 1.0 ) ) ) )
4
x1 1.0 1.0 1.0 1.0 + + + /                                                                                                                  

*******************************************
Usage - q2
*******************************************
./q2

25 12 17 82 52 53 05 03 68 64
16 14 27 99 29 99 79 45 59 19
50 09 06 44 59 87 32 36 36 46
12 00 68 68 49 68 74 32 09 30
81 30 16 65 40 39 44 49 32 60
25 41 11 88 15 39 88 69 31 49
03 60 76 23 14 81 82 00 38 04
44 27 68 96 70 98 85 13 25 47
09 83 22 90 74 56 64 75 67 55
43 27 20 59 04 84 10 42 43 02
41 82 53 40 29 84 24 61 87 20
99 37 50 93 57 06 29 91 92 39
81 14 42 21 09 69 05 30 20 91
03 37 97 53 36 54 69 68 38 43
83 82 43 11 21 04 08 97 93 14
51 90 37 86 42 44 48 64 41 01
88 56 59 88 39 30 44 59 49 72
49 17 44 32 33 54 60 33 51 87
96 89 75 00 63 24 54 20 20 24
41 62 82 46 69 42 74 68 79 28